{
 "cells": [
  {
   "cell_type": "code",
   "execution_count": 202,
   "metadata": {},
   "outputs": [],
   "source": [
    "import  matplotlib.pyplot as plt\n",
    "import torch\n",
    "import numpy as np\n",
    "from transformers import BertTokenizer, BertForMaskedLM"
   ]
  },
  {
   "cell_type": "code",
   "execution_count": 211,
   "metadata": {},
   "outputs": [],
   "source": [
    "tensor = torch.LongTensor([[1, 2], [2,3]])"
   ]
  },
  {
   "cell_type": "code",
   "execution_count": 213,
   "metadata": {},
   "outputs": [
    {
     "data": {
      "text/plain": [
       "Parameter containing:\n",
       "tensor([[-2.9919,  0.1865],\n",
       "        [ 1.7619,  0.1514]], requires_grad=True)"
      ]
     },
     "execution_count": 213,
     "metadata": {},
     "output_type": "execute_result"
    }
   ],
   "source": [
    "n = torch.nn.Embedding(2,2)\n",
    "n.weight"
   ]
  },
  {
   "cell_type": "code",
   "execution_count": 214,
   "metadata": {},
   "outputs": [
    {
     "ename": "IndexError",
     "evalue": "index out of range in self",
     "output_type": "error",
     "traceback": [
      "\u001b[0;31m---------------------------------------------------------------------------\u001b[0m",
      "\u001b[0;31mIndexError\u001b[0m                                Traceback (most recent call last)",
      "Cell \u001b[0;32mIn[214], line 1\u001b[0m\n\u001b[0;32m----> 1\u001b[0m n(tensor)\n",
      "File \u001b[0;32m~/Yo/torch-venv/lib/python3.8/site-packages/torch/nn/modules/module.py:1501\u001b[0m, in \u001b[0;36mModule._call_impl\u001b[0;34m(self, *args, **kwargs)\u001b[0m\n\u001b[1;32m   1496\u001b[0m \u001b[39m# If we don't have any hooks, we want to skip the rest of the logic in\u001b[39;00m\n\u001b[1;32m   1497\u001b[0m \u001b[39m# this function, and just call forward.\u001b[39;00m\n\u001b[1;32m   1498\u001b[0m \u001b[39mif\u001b[39;00m \u001b[39mnot\u001b[39;00m (\u001b[39mself\u001b[39m\u001b[39m.\u001b[39m_backward_hooks \u001b[39mor\u001b[39;00m \u001b[39mself\u001b[39m\u001b[39m.\u001b[39m_backward_pre_hooks \u001b[39mor\u001b[39;00m \u001b[39mself\u001b[39m\u001b[39m.\u001b[39m_forward_hooks \u001b[39mor\u001b[39;00m \u001b[39mself\u001b[39m\u001b[39m.\u001b[39m_forward_pre_hooks\n\u001b[1;32m   1499\u001b[0m         \u001b[39mor\u001b[39;00m _global_backward_pre_hooks \u001b[39mor\u001b[39;00m _global_backward_hooks\n\u001b[1;32m   1500\u001b[0m         \u001b[39mor\u001b[39;00m _global_forward_hooks \u001b[39mor\u001b[39;00m _global_forward_pre_hooks):\n\u001b[0;32m-> 1501\u001b[0m     \u001b[39mreturn\u001b[39;00m forward_call(\u001b[39m*\u001b[39;49margs, \u001b[39m*\u001b[39;49m\u001b[39m*\u001b[39;49mkwargs)\n\u001b[1;32m   1502\u001b[0m \u001b[39m# Do not call functions when jit is used\u001b[39;00m\n\u001b[1;32m   1503\u001b[0m full_backward_hooks, non_full_backward_hooks \u001b[39m=\u001b[39m [], []\n",
      "File \u001b[0;32m~/Yo/torch-venv/lib/python3.8/site-packages/torch/nn/modules/sparse.py:162\u001b[0m, in \u001b[0;36mEmbedding.forward\u001b[0;34m(self, input)\u001b[0m\n\u001b[1;32m    161\u001b[0m \u001b[39mdef\u001b[39;00m \u001b[39mforward\u001b[39m(\u001b[39mself\u001b[39m, \u001b[39minput\u001b[39m: Tensor) \u001b[39m-\u001b[39m\u001b[39m>\u001b[39m Tensor:\n\u001b[0;32m--> 162\u001b[0m     \u001b[39mreturn\u001b[39;00m F\u001b[39m.\u001b[39;49membedding(\n\u001b[1;32m    163\u001b[0m         \u001b[39minput\u001b[39;49m, \u001b[39mself\u001b[39;49m\u001b[39m.\u001b[39;49mweight, \u001b[39mself\u001b[39;49m\u001b[39m.\u001b[39;49mpadding_idx, \u001b[39mself\u001b[39;49m\u001b[39m.\u001b[39;49mmax_norm,\n\u001b[1;32m    164\u001b[0m         \u001b[39mself\u001b[39;49m\u001b[39m.\u001b[39;49mnorm_type, \u001b[39mself\u001b[39;49m\u001b[39m.\u001b[39;49mscale_grad_by_freq, \u001b[39mself\u001b[39;49m\u001b[39m.\u001b[39;49msparse)\n",
      "File \u001b[0;32m~/Yo/torch-venv/lib/python3.8/site-packages/torch/nn/functional.py:2210\u001b[0m, in \u001b[0;36membedding\u001b[0;34m(input, weight, padding_idx, max_norm, norm_type, scale_grad_by_freq, sparse)\u001b[0m\n\u001b[1;32m   2204\u001b[0m     \u001b[39m# Note [embedding_renorm set_grad_enabled]\u001b[39;00m\n\u001b[1;32m   2205\u001b[0m     \u001b[39m# XXX: equivalent to\u001b[39;00m\n\u001b[1;32m   2206\u001b[0m     \u001b[39m# with torch.no_grad():\u001b[39;00m\n\u001b[1;32m   2207\u001b[0m     \u001b[39m#   torch.embedding_renorm_\u001b[39;00m\n\u001b[1;32m   2208\u001b[0m     \u001b[39m# remove once script supports set_grad_enabled\u001b[39;00m\n\u001b[1;32m   2209\u001b[0m     _no_grad_embedding_renorm_(weight, \u001b[39minput\u001b[39m, max_norm, norm_type)\n\u001b[0;32m-> 2210\u001b[0m \u001b[39mreturn\u001b[39;00m torch\u001b[39m.\u001b[39;49membedding(weight, \u001b[39minput\u001b[39;49m, padding_idx, scale_grad_by_freq, sparse)\n",
      "\u001b[0;31mIndexError\u001b[0m: index out of range in self"
     ]
    }
   ],
   "source": [
    "n(tensor)"
   ]
  },
  {
   "cell_type": "code",
   "execution_count": 203,
   "metadata": {},
   "outputs": [
    {
     "name": "stderr",
     "output_type": "stream",
     "text": [
      "Some weights of the model checkpoint at bert-base-uncased were not used when initializing BertForMaskedLM: ['cls.seq_relationship.weight', 'cls.seq_relationship.bias']\n",
      "- This IS expected if you are initializing BertForMaskedLM from the checkpoint of a model trained on another task or with another architecture (e.g. initializing a BertForSequenceClassification model from a BertForPreTraining model).\n",
      "- This IS NOT expected if you are initializing BertForMaskedLM from the checkpoint of a model that you expect to be exactly identical (initializing a BertForSequenceClassification model from a BertForSequenceClassification model).\n"
     ]
    },
    {
     "data": {
      "text/plain": [
       "MaskedLMOutput(loss=None, logits=tensor([[[ -7.2377,  -7.1716,  -7.1694,  ...,  -6.4026,  -6.3284,  -4.3928],\n",
       "         [-11.6756, -11.6828, -11.9127,  ..., -10.6978,  -9.7915, -11.8502],\n",
       "         [-10.9369, -10.4865, -10.6798,  ..., -10.3307,  -8.5971, -13.6046],\n",
       "         ...,\n",
       "         [ -5.1920,  -5.5520,  -4.8671,  ...,  -4.0063,  -3.0294,  -7.8224],\n",
       "         [-12.8636, -12.5627, -12.8225,  ..., -11.8825, -11.9406,  -9.0177],\n",
       "         [-11.7514, -11.7864, -11.5485,  ...,  -9.6833,  -9.1116, -10.4453]]],\n",
       "       grad_fn=<ViewBackward0>), hidden_states=(tensor([[[ 0.1686, -0.2858, -0.3261,  ..., -0.0276,  0.0383,  0.1640],\n",
       "         [-0.1534,  0.3378, -0.1694,  ...,  0.2973,  0.3874, -0.3420],\n",
       "         [-0.0421, -0.1044, -0.3429,  ...,  0.4913,  0.4466,  0.2010],\n",
       "         ...,\n",
       "         [-0.3550, -0.4835, -0.3444,  ..., -0.0858,  0.5635,  0.7728],\n",
       "         [ 0.6001, -0.4142, -0.5467,  ...,  0.1408,  0.6732,  0.5784],\n",
       "         [-0.2551, -0.2671,  0.0799,  ..., -0.4287,  0.3415, -0.1055]]],\n",
       "       grad_fn=<NativeLayerNormBackward0>), tensor([[[ 0.1291,  0.0979, -0.2265,  ...,  0.0730,  0.0552,  0.0496],\n",
       "         [-0.1486,  0.7073, -0.1232,  ...,  0.2274,  0.2654, -0.6141],\n",
       "         [-0.2720,  0.2392, -0.9724,  ..., -0.0891,  0.6042,  0.5417],\n",
       "         ...,\n",
       "         [ 0.0338,  0.2387, -0.5318,  ...,  0.2075,  0.6650,  1.3060],\n",
       "         [ 0.6620, -0.3293, -0.7461,  ...,  0.0937,  0.7674,  0.7201],\n",
       "         [-0.0612, -0.0117,  0.0489,  ..., -0.4612,  0.4859,  0.0512]]],\n",
       "       grad_fn=<NativeLayerNormBackward0>), tensor([[[-0.0807, -0.1215, -0.3752,  ...,  0.1362,  0.1020,  0.0133],\n",
       "         [-0.0909,  0.9312, -0.0888,  ...,  0.4969, -0.0919, -1.1872],\n",
       "         [-0.3676,  0.6524, -0.6892,  ...,  0.1262,  0.3077,  0.0157],\n",
       "         ...,\n",
       "         [ 0.6794, -0.0384, -0.5445,  ...,  0.4817,  0.8186,  1.9199],\n",
       "         [ 0.4797, -0.4193, -0.5388,  ...,  0.0071,  0.6547,  0.7719],\n",
       "         [-0.1707, -0.0433,  0.1297,  ..., -0.2027,  0.3747, -0.1376]]],\n",
       "       grad_fn=<NativeLayerNormBackward0>), tensor([[[-0.0513, -0.2493, -0.1030,  ...,  0.2355,  0.1627,  0.1491],\n",
       "         [-0.0317,  0.8878,  0.4644,  ...,  0.2515, -0.1329, -1.0742],\n",
       "         [-0.1952,  0.8346, -0.3845,  ..., -0.1558,  0.3787,  0.0327],\n",
       "         ...,\n",
       "         [ 0.5863, -0.0756, -0.4390,  ...,  0.0174,  0.8975,  1.8120],\n",
       "         [ 0.6149, -0.4966,  0.0081,  ..., -0.0707,  0.1331,  0.3785],\n",
       "         [-0.0810, -0.0858,  0.1379,  ...,  0.0179,  0.0709, -0.0285]]],\n",
       "       grad_fn=<NativeLayerNormBackward0>), tensor([[[ 0.1289, -0.5865, -0.5487,  ...,  0.3074, -0.0810,  0.5545],\n",
       "         [-0.2319,  0.7293,  0.2804,  ..., -0.0216, -0.1782, -1.0124],\n",
       "         [-0.3466,  0.8817, -0.9942,  ..., -0.7742,  0.2310, -0.0059],\n",
       "         ...,\n",
       "         [ 0.7707, -0.0357, -0.4883,  ..., -0.1222,  1.4226,  1.5196],\n",
       "         [ 1.2080, -0.8179, -0.1371,  ..., -0.0582,  0.0841,  0.7015],\n",
       "         [-0.0335, -0.0465,  0.0159,  ...,  0.0102,  0.0510, -0.0371]]],\n",
       "       grad_fn=<NativeLayerNormBackward0>), tensor([[[ 2.2525e-02, -5.6067e-01, -4.1024e-01,  ..., -2.7768e-01,\n",
       "          -1.8446e-01,  5.5806e-01],\n",
       "         [ 6.4301e-02, -1.4123e-01,  1.1608e-01,  ...,  1.6473e-01,\n",
       "          -2.7959e-02, -1.3840e+00],\n",
       "         [ 9.6605e-02,  6.5543e-01, -4.5434e-01,  ..., -4.8908e-01,\n",
       "           5.0490e-01,  2.2725e-01],\n",
       "         ...,\n",
       "         [ 1.0026e+00, -3.6543e-01,  5.4300e-04,  ..., -3.2606e-01,\n",
       "           1.1909e+00,  1.7265e+00],\n",
       "         [ 6.4238e-01, -8.1519e-01, -8.8643e-02,  ..., -3.3665e-01,\n",
       "          -2.8998e-01,  9.8847e-01],\n",
       "         [-1.8122e-02, -3.8411e-02,  1.6166e-02,  ...,  1.2973e-02,\n",
       "           7.1808e-03, -3.9838e-02]]], grad_fn=<NativeLayerNormBackward0>), tensor([[[ 0.1983, -0.7423, -0.4219,  ..., -0.3285,  0.1099,  0.5000],\n",
       "         [ 0.4028, -0.1380, -0.2580,  ...,  0.2218,  0.3627, -1.2217],\n",
       "         [ 0.2578,  0.8728, -0.9276,  ..., -0.1538,  1.0861,  0.5184],\n",
       "         ...,\n",
       "         [ 0.8098, -0.2427,  0.2123,  ..., -0.0384,  0.9347,  1.4774],\n",
       "         [ 0.1494, -0.9342, -0.7379,  ..., -0.6335, -0.3075,  1.1107],\n",
       "         [ 0.0162, -0.0358, -0.0172,  ...,  0.0109, -0.0163, -0.0442]]],\n",
       "       grad_fn=<NativeLayerNormBackward0>), tensor([[[ 0.4427, -0.0093, -0.2857,  ..., -0.7294,  0.5586,  0.6554],\n",
       "         [ 0.1323, -0.1406, -0.6701,  ..., -0.1550,  0.6522, -1.0760],\n",
       "         [ 0.7051,  0.7632, -0.4350,  ..., -0.8128,  1.4654, -0.0667],\n",
       "         ...,\n",
       "         [ 0.7503, -0.1260,  0.1325,  ...,  0.1208,  1.2163,  1.4389],\n",
       "         [ 0.3517, -0.7178, -1.2370,  ..., -0.5222, -0.2015,  1.3313],\n",
       "         [-0.0057, -0.0419, -0.0178,  ..., -0.0172,  0.0204, -0.0598]]],\n",
       "       grad_fn=<NativeLayerNormBackward0>), tensor([[[ 0.5430,  0.1927, -0.9973,  ..., -1.0630,  0.7625,  0.8507],\n",
       "         [ 0.0318, -0.3521, -0.2942,  ...,  0.0238,  0.4389, -0.4971],\n",
       "         [ 0.6649,  1.5845, -0.4140,  ..., -1.1523,  0.9252, -0.0667],\n",
       "         ...,\n",
       "         [ 0.3897,  0.0306, -0.0486,  ..., -0.4247,  1.4090,  1.1467],\n",
       "         [-0.1797, -1.0623, -1.3349,  ..., -0.5545, -0.6043,  0.9683],\n",
       "         [ 0.0231, -0.0148,  0.0280,  ..., -0.0617, -0.0141, -0.0960]]],\n",
       "       grad_fn=<NativeLayerNormBackward0>), tensor([[[ 0.5625,  0.2848, -1.3054,  ..., -0.5562,  0.7166,  0.4611],\n",
       "         [-0.0531, -0.3416, -0.0383,  ..., -0.2420,  0.3589, -0.6902],\n",
       "         [ 0.5976,  1.1446, -0.1012,  ..., -1.2696,  0.5372, -0.2080],\n",
       "         ...,\n",
       "         [ 0.3919, -0.4486, -0.0861,  ..., -0.5140,  1.0860,  0.9131],\n",
       "         [-0.7630, -0.9205, -1.4885,  ..., -0.4386, -0.1780, -0.0310],\n",
       "         [ 0.0364,  0.0056, -0.0045,  ..., -0.0715, -0.0529, -0.0570]]],\n",
       "       grad_fn=<NativeLayerNormBackward0>), tensor([[[ 0.4446,  0.2790, -0.9096,  ..., -0.5759,  0.0323,  0.4419],\n",
       "         [-0.3725, -0.2862, -0.1866,  ..., -0.4339,  0.8593, -0.9309],\n",
       "         [ 0.2093,  0.7575, -0.1147,  ..., -1.2982,  0.2194, -0.0854],\n",
       "         ...,\n",
       "         [ 0.1401, -0.6054, -0.0656,  ..., -0.5545,  0.7322,  0.6780],\n",
       "         [-0.5015, -0.4951, -1.6049,  ..., -0.4189, -0.0736, -0.1481],\n",
       "         [ 0.0165,  0.0214, -0.0583,  ...,  0.1028,  0.0242,  0.0601]]],\n",
       "       grad_fn=<NativeLayerNormBackward0>), tensor([[[ 0.1032,  0.0492, -0.3395,  ..., -0.6134,  0.2981,  0.1603],\n",
       "         [-0.2272, -0.2387, -0.1910,  ..., -0.4921,  0.5844, -0.7385],\n",
       "         [ 0.5645,  0.8704, -0.1027,  ..., -1.5350,  0.0083,  0.4827],\n",
       "         ...,\n",
       "         [ 0.3647, -0.3656, -0.1217,  ..., -0.8544,  0.4256,  0.9464],\n",
       "         [-0.1759, -0.4833, -1.0293,  ..., -0.3425,  0.0361, -0.2918],\n",
       "         [ 0.0439,  0.0134, -0.0217,  ...,  0.0177, -0.0357,  0.0346]]],\n",
       "       grad_fn=<NativeLayerNormBackward0>), tensor([[[ 0.0848,  0.3298, -0.0054,  ..., -0.4683,  0.4560,  0.3714],\n",
       "         [ 0.2577, -0.0497, -0.0818,  ..., -0.3163,  0.7676, -0.5172],\n",
       "         [ 0.5626,  0.6852,  0.3203,  ..., -1.0721,  0.0816,  0.2875],\n",
       "         ...,\n",
       "         [ 0.3275, -0.1863,  0.1660,  ..., -0.7239,  0.1527,  0.5400],\n",
       "         [ 0.3007, -0.1896, -1.1300,  ..., -0.0805,  0.2809, -0.3043],\n",
       "         [ 0.7981,  0.0392, -0.2547,  ...,  0.1831, -0.6100, -0.2599]]],\n",
       "       grad_fn=<NativeLayerNormBackward0>)), attentions=(tensor([[[[7.6932e-02, 8.1209e-02, 4.6740e-02, 1.6750e-01, 5.0487e-02,\n",
       "           8.8239e-02, 1.1441e-01, 3.7448e-01],\n",
       "          [1.0550e-01, 6.9952e-02, 1.1225e-01, 8.3472e-02, 1.4502e-01,\n",
       "           1.1193e-01, 1.9905e-01, 1.7283e-01],\n",
       "          [1.8500e-01, 9.7995e-02, 5.2473e-02, 1.0193e-01, 9.0597e-02,\n",
       "           9.0378e-02, 3.0670e-01, 7.4938e-02],\n",
       "          [1.0857e-01, 6.9156e-02, 1.1467e-01, 1.6304e-01, 9.0723e-02,\n",
       "           7.9163e-02, 2.8128e-01, 9.3399e-02],\n",
       "          [2.7146e-02, 5.7464e-02, 1.3997e-01, 1.4093e-02, 2.8069e-01,\n",
       "           2.3017e-01, 1.5207e-01, 9.8394e-02],\n",
       "          [1.2194e-01, 1.0310e-01, 1.4861e-01, 3.5936e-02, 1.6112e-01,\n",
       "           1.0534e-01, 2.4862e-01, 7.5345e-02],\n",
       "          [1.3378e-01, 8.9266e-02, 1.2719e-01, 7.1473e-02, 8.9202e-02,\n",
       "           9.7296e-02, 1.8918e-01, 2.0262e-01],\n",
       "          [1.2877e-01, 8.2777e-02, 6.8164e-02, 1.5141e-01, 7.9121e-02,\n",
       "           6.7704e-02, 2.1832e-01, 2.0373e-01]],\n",
       "\n",
       "         [[9.1193e-01, 2.0410e-02, 1.6203e-02, 2.0958e-02, 1.7909e-03,\n",
       "           9.8054e-03, 1.0733e-02, 8.1663e-03],\n",
       "          [1.8415e-02, 3.4092e-02, 1.9286e-01, 4.1020e-02, 3.2025e-01,\n",
       "           2.3574e-01, 1.1136e-01, 4.6265e-02],\n",
       "          [1.6139e-02, 1.5409e-02, 4.0924e-02, 3.3349e-02, 3.5913e-01,\n",
       "           4.1707e-01, 5.2937e-02, 6.5046e-02],\n",
       "          [8.7864e-02, 9.8989e-02, 2.1810e-01, 1.1919e-01, 1.2383e-01,\n",
       "           7.1085e-02, 1.8199e-01, 9.8947e-02],\n",
       "          [3.9208e-01, 3.4146e-02, 4.9393e-02, 8.2951e-02, 5.9500e-02,\n",
       "           8.2459e-02, 4.1490e-02, 2.5798e-01],\n",
       "          [1.0166e-02, 1.6569e-03, 9.7644e-03, 3.6049e-03, 8.3644e-01,\n",
       "           8.0155e-02, 1.2336e-02, 4.5874e-02],\n",
       "          [4.4418e-03, 1.4214e-01, 1.9877e-01, 7.5561e-02, 2.1471e-01,\n",
       "           9.5219e-02, 2.3173e-01, 3.7428e-02],\n",
       "          [5.9609e-02, 2.6626e-01, 1.3825e-01, 1.3873e-01, 2.7916e-02,\n",
       "           3.7822e-02, 2.7125e-01, 6.0157e-02]],\n",
       "\n",
       "         [[8.2913e-01, 1.6400e-02, 1.2900e-02, 2.8871e-02, 8.4953e-03,\n",
       "           7.5718e-03, 3.3008e-02, 6.3629e-02],\n",
       "          [7.9025e-01, 8.5078e-02, 1.0114e-02, 7.5094e-02, 4.0681e-03,\n",
       "           4.2603e-03, 2.3830e-02, 7.3111e-03],\n",
       "          [1.1466e-01, 6.9702e-01, 8.9046e-03, 6.8922e-02, 5.7583e-03,\n",
       "           6.8062e-03, 7.1049e-02, 2.6882e-02],\n",
       "          [4.0816e-01, 3.5168e-02, 2.9328e-01, 1.1820e-01, 3.7899e-03,\n",
       "           1.3210e-02, 2.1632e-02, 1.0656e-01],\n",
       "          [6.6591e-01, 9.1789e-03, 1.2900e-02, 1.8536e-01, 1.2355e-02,\n",
       "           2.8362e-02, 5.4686e-02, 3.1246e-02],\n",
       "          [6.1179e-02, 9.7266e-03, 2.5488e-03, 1.9425e-02, 8.6417e-01,\n",
       "           9.8964e-03, 1.8530e-02, 1.4519e-02],\n",
       "          [4.4668e-01, 6.5665e-03, 1.2319e-02, 2.3845e-02, 2.0961e-02,\n",
       "           2.1747e-01, 1.8571e-01, 8.6447e-02],\n",
       "          [2.2460e-01, 6.3964e-03, 1.2243e-03, 7.7333e-03, 3.7201e-03,\n",
       "           1.5926e-02, 6.6676e-01, 7.3640e-02]],\n",
       "\n",
       "         [[7.4405e-01, 6.4300e-02, 3.6047e-02, 4.2951e-02, 2.7055e-02,\n",
       "           1.9044e-02, 2.5902e-02, 4.0650e-02],\n",
       "          [1.8538e-01, 1.0575e-01, 2.5891e-01, 2.0583e-01, 9.5469e-02,\n",
       "           1.0727e-01, 2.4915e-02, 1.6478e-02],\n",
       "          [4.9729e-02, 7.7298e-01, 7.8908e-02, 2.0686e-02, 4.4290e-02,\n",
       "           1.0065e-02, 1.3738e-02, 9.6031e-03],\n",
       "          [1.2347e-02, 5.2670e-01, 3.3787e-01, 5.2906e-02, 3.0967e-02,\n",
       "           1.1233e-02, 1.6184e-02, 1.1794e-02],\n",
       "          [6.8536e-01, 8.3433e-02, 9.4475e-02, 1.0299e-01, 1.5005e-02,\n",
       "           7.9722e-03, 4.8265e-03, 5.9403e-03],\n",
       "          [4.4844e-02, 6.9536e-02, 1.8211e-01, 2.7347e-01, 3.2630e-01,\n",
       "           6.0273e-02, 3.5113e-02, 8.3567e-03],\n",
       "          [5.4616e-03, 4.7498e-02, 5.9040e-02, 1.0854e-01, 2.5459e-01,\n",
       "           4.0413e-01, 7.3418e-02, 4.7318e-02],\n",
       "          [9.2346e-02, 1.8039e-02, 2.8453e-03, 2.2013e-02, 5.7250e-02,\n",
       "           1.6489e-01, 5.9662e-01, 4.6003e-02]],\n",
       "\n",
       "         [[6.7288e-01, 3.5672e-02, 4.5802e-02, 2.2541e-02, 5.7860e-02,\n",
       "           4.3765e-02, 4.4453e-02, 7.7030e-02],\n",
       "          [1.1944e-01, 3.7779e-02, 2.5508e-01, 8.1661e-02, 1.3151e-01,\n",
       "           1.4357e-01, 1.8048e-01, 5.0491e-02],\n",
       "          [5.0942e-02, 1.5358e-01, 8.6245e-02, 9.0913e-02, 1.2689e-01,\n",
       "           2.2514e-01, 1.0737e-01, 1.5892e-01],\n",
       "          [5.3672e-02, 1.3141e-01, 1.0204e-01, 1.8434e-01, 1.2615e-01,\n",
       "           1.6658e-01, 8.6339e-02, 1.4947e-01],\n",
       "          [6.4236e-01, 4.1602e-02, 4.8085e-02, 2.6830e-02, 9.4450e-03,\n",
       "           8.8810e-02, 4.8269e-02, 9.4604e-02],\n",
       "          [2.5000e-01, 1.4262e-01, 8.7654e-02, 1.9885e-01, 9.4104e-02,\n",
       "           1.2260e-02, 1.6244e-01, 5.2076e-02],\n",
       "          [1.0162e-01, 1.3118e-01, 2.1611e-01, 8.2657e-02, 1.1887e-01,\n",
       "           1.5354e-01, 1.0550e-01, 9.0517e-02],\n",
       "          [3.2732e-02, 5.3911e-03, 3.9707e-03, 9.6457e-03, 1.0544e-02,\n",
       "           9.5399e-03, 7.9983e-03, 9.2018e-01]],\n",
       "\n",
       "         [[1.2257e-01, 6.7326e-02, 2.7272e-02, 4.9829e-02, 1.0056e-02,\n",
       "           7.6995e-03, 6.7396e-01, 4.1280e-02],\n",
       "          [3.0721e-01, 7.7416e-02, 1.0915e-01, 6.6129e-02, 8.0298e-02,\n",
       "           1.1413e-01, 9.8671e-02, 1.4700e-01],\n",
       "          [6.4230e-02, 1.1113e-01, 2.6943e-02, 1.3266e-02, 3.2022e-01,\n",
       "           2.8125e-01, 7.0888e-02, 1.1207e-01],\n",
       "          [3.3950e-01, 6.5933e-02, 1.0850e-01, 4.5273e-02, 4.2917e-02,\n",
       "           7.2653e-02, 1.4708e-01, 1.7815e-01],\n",
       "          [6.9827e-01, 3.0600e-02, 4.8688e-02, 2.3055e-02, 1.4514e-02,\n",
       "           6.9155e-02, 3.1441e-02, 8.4278e-02],\n",
       "          [8.7917e-02, 6.7283e-02, 7.6536e-02, 2.6163e-02, 2.9802e-01,\n",
       "           1.8984e-01, 3.6758e-02, 2.1748e-01],\n",
       "          [1.6592e-01, 1.0875e-01, 9.7270e-02, 5.4370e-02, 3.8975e-02,\n",
       "           1.0687e-01, 1.6558e-01, 2.6226e-01],\n",
       "          [3.8850e-01, 5.7964e-02, 3.4172e-02, 8.8051e-02, 2.3778e-02,\n",
       "           2.4869e-02, 2.3505e-01, 1.4761e-01]],\n",
       "\n",
       "         [[2.9905e-01, 3.9586e-03, 1.0203e-02, 6.7051e-01, 2.0829e-03,\n",
       "           3.3069e-03, 6.7066e-03, 4.1861e-03],\n",
       "          [2.9920e-02, 1.4641e-01, 6.9953e-02, 3.9900e-02, 1.2813e-01,\n",
       "           1.5299e-01, 3.7305e-01, 5.9653e-02],\n",
       "          [1.3616e-01, 5.5429e-02, 3.0114e-01, 1.7436e-02, 6.7266e-02,\n",
       "           1.9677e-01, 2.0065e-01, 2.5152e-02],\n",
       "          [5.4182e-02, 1.2413e-01, 1.4114e-01, 6.1075e-02, 1.4947e-01,\n",
       "           1.9779e-01, 2.2124e-01, 5.0974e-02],\n",
       "          [3.3298e-02, 1.1389e-01, 2.6091e-02, 8.3669e-03, 3.4026e-01,\n",
       "           2.8140e-01, 6.9874e-02, 1.2682e-01],\n",
       "          [3.4569e-01, 4.0177e-02, 6.5112e-02, 1.0311e-02, 7.1838e-02,\n",
       "           3.1987e-01, 1.1855e-01, 2.8453e-02],\n",
       "          [2.1595e-02, 1.4105e-01, 7.4555e-02, 4.0789e-02, 1.0720e-01,\n",
       "           3.4267e-01, 1.7991e-01, 9.2238e-02],\n",
       "          [9.7950e-02, 1.6675e-01, 5.0744e-02, 3.0799e-02, 8.7135e-02,\n",
       "           1.1051e-01, 1.6227e-01, 2.9384e-01]],\n",
       "\n",
       "         [[6.3350e-01, 3.7344e-02, 1.0740e-02, 5.4265e-04, 1.2092e-02,\n",
       "           8.8713e-03, 1.5189e-02, 2.8172e-01],\n",
       "          [4.3823e-01, 8.9305e-02, 9.0382e-02, 3.2735e-02, 2.0503e-02,\n",
       "           5.3276e-02, 3.7858e-02, 2.3771e-01],\n",
       "          [4.3365e-01, 9.7870e-02, 7.8816e-02, 2.5329e-02, 7.5238e-02,\n",
       "           1.3953e-01, 4.0923e-02, 1.0865e-01],\n",
       "          [4.6602e-01, 1.2594e-01, 4.1796e-02, 7.5492e-02, 1.3314e-02,\n",
       "           2.7512e-02, 1.2738e-02, 2.3719e-01],\n",
       "          [2.5495e-01, 2.9664e-02, 8.3656e-02, 6.1561e-03, 3.1363e-01,\n",
       "           2.4125e-01, 1.2440e-02, 5.8255e-02],\n",
       "          [2.3178e-02, 1.2189e-02, 5.7459e-02, 2.7664e-03, 5.7848e-01,\n",
       "           2.9304e-01, 2.6130e-02, 6.7527e-03],\n",
       "          [2.9106e-01, 2.6155e-01, 6.1821e-02, 3.1935e-02, 1.9060e-02,\n",
       "           2.9305e-02, 1.9433e-02, 2.8583e-01],\n",
       "          [3.9402e-01, 1.4933e-01, 3.5771e-02, 2.0757e-01, 3.0878e-02,\n",
       "           7.1056e-02, 4.9570e-02, 6.1801e-02]],\n",
       "\n",
       "         [[6.3468e-01, 1.9033e-02, 1.8620e-02, 2.4755e-01, 2.0930e-02,\n",
       "           3.9039e-02, 7.9143e-03, 1.2235e-02],\n",
       "          [2.7830e-03, 4.7953e-02, 8.0699e-02, 4.0108e-02, 1.8306e-01,\n",
       "           2.1916e-01, 3.0075e-01, 1.2549e-01],\n",
       "          [1.1192e-03, 9.0498e-02, 3.3689e-02, 1.6758e-02, 2.0196e-01,\n",
       "           1.9077e-01, 3.6444e-01, 1.0076e-01],\n",
       "          [3.0974e-03, 6.5491e-02, 7.5752e-02, 3.3154e-02, 1.3251e-01,\n",
       "           2.1933e-01, 2.7721e-01, 1.9345e-01],\n",
       "          [3.9530e-02, 8.2398e-02, 8.9906e-02, 6.5471e-02, 6.8971e-02,\n",
       "           5.3776e-01, 7.1418e-02, 4.4543e-02],\n",
       "          [1.3048e-02, 3.0005e-01, 6.5924e-02, 2.4943e-02, 1.2306e-01,\n",
       "           1.2463e-01, 1.1776e-01, 2.3059e-01],\n",
       "          [2.5338e-02, 7.4558e-02, 9.2614e-02, 9.9884e-02, 1.3692e-01,\n",
       "           1.8011e-01, 1.3692e-01, 2.5365e-01],\n",
       "          [1.3163e-01, 6.6910e-02, 8.1341e-02, 3.4995e-01, 1.1450e-01,\n",
       "           1.1044e-01, 8.2251e-02, 6.2984e-02]],\n",
       "\n",
       "         [[1.7105e-01, 3.0099e-01, 2.0514e-01, 8.6275e-02, 1.9989e-02,\n",
       "           9.8352e-02, 7.9903e-02, 3.8307e-02],\n",
       "          [3.2299e-01, 2.0902e-02, 2.7581e-02, 3.3603e-02, 8.8249e-02,\n",
       "           1.7325e-01, 2.7678e-01, 5.6642e-02],\n",
       "          [4.3590e-01, 4.6736e-02, 9.0613e-02, 6.4950e-02, 7.0007e-02,\n",
       "           8.6178e-02, 7.4620e-02, 1.3099e-01],\n",
       "          [4.6178e-01, 9.3610e-02, 6.5828e-02, 4.1185e-02, 3.2120e-02,\n",
       "           1.0998e-01, 4.6934e-02, 1.4856e-01],\n",
       "          [1.9030e-01, 2.0074e-02, 3.4455e-02, 2.4326e-02, 5.5472e-01,\n",
       "           1.0196e-01, 1.6627e-02, 5.7538e-02],\n",
       "          [1.1439e-01, 1.6232e-02, 4.4976e-02, 5.8448e-02, 4.5569e-01,\n",
       "           2.1603e-01, 3.8201e-02, 5.6029e-02],\n",
       "          [1.5673e-01, 6.9468e-02, 2.4858e-02, 4.4148e-02, 1.4357e-02,\n",
       "           1.4217e-02, 5.6867e-01, 1.0755e-01],\n",
       "          [5.7642e-01, 1.6450e-01, 6.8767e-02, 4.6954e-02, 1.8296e-02,\n",
       "           5.7702e-02, 3.9188e-02, 2.8171e-02]],\n",
       "\n",
       "         [[8.4733e-01, 2.8652e-02, 7.3649e-03, 2.3218e-02, 3.0083e-02,\n",
       "           1.8370e-02, 1.6796e-02, 2.8187e-02],\n",
       "          [1.4639e-02, 5.5195e-02, 6.8716e-01, 1.5369e-01, 2.9301e-02,\n",
       "           1.0238e-02, 1.9580e-02, 3.0200e-02],\n",
       "          [5.8971e-03, 6.8532e-02, 3.0890e-02, 6.6062e-01, 5.3809e-02,\n",
       "           1.0711e-01, 5.2803e-02, 2.0341e-02],\n",
       "          [2.6063e-03, 4.0394e-02, 3.5183e-02, 3.9182e-02, 4.0154e-01,\n",
       "           3.7367e-01, 6.3215e-02, 4.4213e-02],\n",
       "          [1.3526e-02, 1.4012e-03, 3.7000e-03, 4.2646e-03, 4.6505e-04,\n",
       "           9.6298e-01, 5.2797e-03, 8.3795e-03],\n",
       "          [2.6436e-01, 2.6668e-03, 1.6664e-03, 9.9144e-03, 3.0634e-02,\n",
       "           1.8726e-02, 3.1986e-01, 3.5217e-01],\n",
       "          [1.3141e-02, 7.0664e-04, 2.8440e-03, 1.7669e-03, 7.1059e-03,\n",
       "           7.6361e-03, 3.3989e-02, 9.3281e-01],\n",
       "          [2.8077e-01, 1.5440e-03, 2.4114e-03, 1.8083e-02, 1.0266e-02,\n",
       "           1.2710e-01, 1.6026e-01, 3.9955e-01]],\n",
       "\n",
       "         [[7.6065e-01, 8.3107e-04, 6.7633e-03, 1.9627e-01, 1.9699e-03,\n",
       "           2.3317e-03, 2.1181e-05, 3.1153e-02],\n",
       "          [2.7235e-01, 4.9329e-02, 9.1885e-02, 1.4269e-01, 2.4517e-01,\n",
       "           4.1620e-02, 3.7441e-02, 1.1951e-01],\n",
       "          [4.0340e-01, 1.3836e-01, 4.8429e-02, 9.1400e-02, 1.1506e-01,\n",
       "           6.1064e-02, 6.9882e-02, 7.2407e-02],\n",
       "          [5.9213e-01, 3.6267e-02, 1.0516e-01, 6.5581e-02, 5.2401e-02,\n",
       "           5.3355e-02, 7.6079e-03, 8.7506e-02],\n",
       "          [5.0506e-01, 1.6380e-02, 3.3256e-02, 1.7142e-01, 1.2626e-02,\n",
       "           2.8282e-02, 1.5115e-02, 2.1786e-01],\n",
       "          [6.3435e-02, 6.8675e-03, 1.1702e-01, 4.4080e-02, 5.2348e-01,\n",
       "           3.3494e-02, 3.6930e-02, 1.7470e-01],\n",
       "          [4.9671e-01, 1.3977e-02, 3.8769e-02, 3.7769e-02, 5.3546e-02,\n",
       "           4.3126e-02, 3.8357e-02, 2.7775e-01],\n",
       "          [6.6663e-01, 5.5992e-03, 1.8285e-02, 1.0875e-01, 2.5375e-02,\n",
       "           1.5325e-02, 6.6687e-03, 1.5337e-01]]]], grad_fn=<SoftmaxBackward0>), tensor([[[[5.4628e-01, 3.7681e-02, 3.3389e-02, 9.5886e-02, 2.0171e-02,\n",
       "           8.3713e-02, 8.3347e-02, 9.9536e-02],\n",
       "          [3.7223e-01, 1.3554e-02, 1.0556e-01, 3.4065e-02, 4.7075e-03,\n",
       "           1.1030e-02, 2.0260e-01, 2.5625e-01],\n",
       "          [1.6483e-01, 4.0229e-02, 1.3659e-01, 5.4217e-02, 1.3776e-02,\n",
       "           2.1138e-02, 3.9891e-01, 1.7031e-01],\n",
       "          [6.3409e-01, 3.2370e-02, 1.7230e-02, 3.6364e-02, 2.2776e-02,\n",
       "           5.0205e-02, 7.6426e-02, 1.3054e-01],\n",
       "          [1.5215e-01, 5.3902e-02, 1.3059e-02, 2.9520e-02, 2.9582e-02,\n",
       "           1.2700e-01, 1.2593e-01, 4.6886e-01],\n",
       "          [1.1556e-01, 9.5177e-02, 3.3178e-02, 1.1836e-01, 6.3679e-02,\n",
       "           6.0161e-02, 1.7784e-01, 3.3604e-01],\n",
       "          [5.4230e-01, 5.0919e-02, 2.1193e-02, 4.0441e-02, 5.1274e-02,\n",
       "           2.3392e-02, 8.8107e-02, 1.8237e-01],\n",
       "          [6.0610e-01, 3.4592e-02, 4.6473e-02, 6.1313e-02, 2.7023e-02,\n",
       "           5.8121e-02, 8.5748e-02, 8.0632e-02]],\n",
       "\n",
       "         [[6.8389e-01, 2.3948e-02, 1.8778e-02, 4.8144e-02, 2.9171e-02,\n",
       "           4.9228e-02, 3.0513e-02, 1.1633e-01],\n",
       "          [5.8745e-01, 1.7997e-02, 1.8115e-01, 7.9009e-02, 6.1513e-04,\n",
       "           6.8221e-03, 3.8925e-02, 8.8036e-02],\n",
       "          [1.5110e-01, 1.1169e-02, 2.5783e-02, 7.2696e-01, 2.1278e-03,\n",
       "           1.8711e-03, 5.0111e-02, 3.0877e-02],\n",
       "          [1.3412e-01, 1.9044e-02, 1.8178e-03, 4.0675e-02, 6.6675e-01,\n",
       "           7.4235e-02, 4.3418e-02, 1.9939e-02],\n",
       "          [3.6926e-01, 6.7719e-04, 1.6176e-03, 4.5019e-03, 1.3555e-03,\n",
       "           5.4934e-01, 2.1766e-02, 5.1477e-02],\n",
       "          [8.6156e-01, 4.4475e-04, 3.0342e-04, 6.9743e-03, 6.7705e-03,\n",
       "           1.2200e-02, 5.7940e-02, 5.3803e-02],\n",
       "          [6.9740e-01, 8.5774e-04, 3.7124e-04, 4.0556e-04, 2.1914e-04,\n",
       "           4.2974e-03, 2.5358e-02, 2.7110e-01],\n",
       "          [9.3243e-01, 5.4085e-05, 1.7126e-04, 2.8232e-03, 1.4157e-04,\n",
       "           3.1866e-03, 5.4607e-03, 5.5729e-02]],\n",
       "\n",
       "         [[8.9207e-01, 1.0075e-02, 9.6313e-03, 2.1372e-02, 6.8185e-03,\n",
       "           1.4594e-02, 1.8879e-02, 2.6561e-02],\n",
       "          [2.8888e-01, 2.8984e-02, 2.0567e-01, 4.3608e-02, 6.1166e-02,\n",
       "           7.7979e-02, 1.7701e-01, 1.1670e-01],\n",
       "          [3.5896e-01, 9.1121e-02, 1.0025e-01, 6.1823e-02, 3.5913e-02,\n",
       "           9.3507e-02, 1.3095e-01, 1.2748e-01],\n",
       "          [4.2244e-01, 5.7255e-02, 1.2805e-01, 3.3530e-02, 4.8138e-02,\n",
       "           5.3768e-02, 1.2840e-01, 1.2843e-01],\n",
       "          [6.8462e-01, 2.6989e-02, 6.2930e-02, 3.2249e-02, 1.2838e-02,\n",
       "           4.1852e-02, 1.1037e-01, 2.8154e-02],\n",
       "          [7.4345e-01, 1.0995e-02, 1.2581e-02, 3.2460e-02, 1.0420e-01,\n",
       "           7.1230e-02, 1.1322e-02, 1.3763e-02],\n",
       "          [1.4309e-01, 7.9077e-02, 1.9003e-01, 1.5311e-02, 4.7576e-03,\n",
       "           2.4643e-02, 3.3575e-01, 2.0734e-01],\n",
       "          [6.4064e-01, 3.0309e-02, 5.2561e-02, 2.4403e-02, 1.3104e-02,\n",
       "           2.9141e-02, 9.7004e-02, 1.1284e-01]],\n",
       "\n",
       "         [[8.1147e-01, 3.5726e-03, 1.2853e-02, 8.6708e-02, 3.0395e-03,\n",
       "           1.9357e-03, 2.5207e-02, 5.5210e-02],\n",
       "          [6.8359e-01, 1.7648e-02, 5.8352e-02, 5.1391e-02, 2.9378e-02,\n",
       "           1.6879e-02, 6.7402e-02, 7.5356e-02],\n",
       "          [6.6102e-01, 2.4471e-02, 6.5685e-03, 1.0382e-01, 1.2529e-02,\n",
       "           6.3831e-03, 5.3948e-02, 1.3126e-01],\n",
       "          [7.4446e-01, 7.8967e-03, 1.8598e-02, 1.0231e-01, 5.4396e-03,\n",
       "           5.0807e-03, 3.1558e-02, 8.4662e-02],\n",
       "          [9.4587e-01, 5.9622e-04, 1.1601e-03, 7.0276e-03, 5.0483e-04,\n",
       "           8.0616e-04, 1.5817e-02, 2.8219e-02],\n",
       "          [9.7093e-01, 5.0452e-04, 7.5031e-04, 3.8960e-03, 9.7134e-04,\n",
       "           7.4370e-05, 8.6014e-03, 1.4274e-02],\n",
       "          [8.8795e-01, 4.2814e-03, 1.2862e-02, 1.9994e-02, 1.2801e-02,\n",
       "           5.0983e-03, 2.3269e-02, 3.3747e-02],\n",
       "          [8.7453e-01, 3.0957e-03, 1.7432e-02, 4.1226e-02, 4.0741e-03,\n",
       "           2.2043e-03, 2.9010e-02, 2.8423e-02]],\n",
       "\n",
       "         [[6.5401e-01, 3.9161e-02, 3.4399e-02, 1.0899e-01, 2.2702e-02,\n",
       "           1.9115e-02, 3.4253e-02, 8.7365e-02],\n",
       "          [9.6843e-01, 1.2335e-02, 2.7046e-03, 1.1763e-02, 1.4692e-03,\n",
       "           2.9464e-03, 3.2097e-04, 2.7300e-05],\n",
       "          [7.3314e-01, 2.2949e-01, 1.1145e-02, 1.0400e-02, 4.3264e-03,\n",
       "           3.8163e-03, 6.4057e-03, 1.2786e-03],\n",
       "          [2.3131e-01, 4.2192e-02, 6.6353e-01, 3.1509e-02, 5.8689e-03,\n",
       "           6.7790e-03, 4.2717e-03, 1.4536e-02],\n",
       "          [9.6250e-01, 8.0413e-04, 3.1755e-04, 3.3128e-02, 8.7889e-04,\n",
       "           1.0193e-03, 6.1903e-04, 7.2993e-04],\n",
       "          [3.7566e-01, 1.1356e-02, 6.3300e-03, 6.3186e-02, 4.3078e-01,\n",
       "           4.2073e-02, 5.3519e-02, 1.7091e-02],\n",
       "          [6.4235e-01, 3.6014e-03, 3.8040e-03, 4.2573e-02, 7.4742e-03,\n",
       "           1.8506e-01, 7.9389e-02, 3.5750e-02],\n",
       "          [9.4962e-01, 7.1386e-04, 4.3478e-05, 6.4741e-04, 2.4024e-04,\n",
       "           1.4556e-03, 2.4789e-02, 2.2488e-02]],\n",
       "\n",
       "         [[8.2097e-01, 1.4036e-02, 1.3175e-02, 1.1695e-02, 6.0385e-03,\n",
       "           1.6281e-02, 4.0152e-02, 7.7647e-02],\n",
       "          [5.5172e-02, 3.5229e-03, 9.0249e-03, 7.1348e-03, 1.2606e-03,\n",
       "           6.1793e-03, 8.6932e-01, 4.8381e-02],\n",
       "          [2.2736e-01, 3.2321e-02, 3.6215e-02, 4.6017e-02, 1.5479e-02,\n",
       "           1.7719e-02, 2.6548e-01, 3.5940e-01],\n",
       "          [3.9674e-01, 4.0024e-02, 3.2970e-02, 1.2574e-01, 3.4987e-02,\n",
       "           5.9104e-02, 1.0868e-01, 2.0175e-01],\n",
       "          [8.4129e-01, 4.8253e-03, 5.8323e-03, 1.9039e-02, 2.9929e-03,\n",
       "           1.8199e-02, 3.8590e-02, 6.9231e-02],\n",
       "          [8.6498e-01, 1.8401e-02, 3.6921e-03, 1.7653e-02, 2.0651e-03,\n",
       "           2.2387e-03, 1.9575e-02, 7.1397e-02],\n",
       "          [2.5602e-01, 3.0916e-01, 6.4706e-02, 1.7091e-02, 3.3286e-02,\n",
       "           4.2608e-02, 1.0556e-01, 1.7158e-01],\n",
       "          [7.0027e-01, 5.0119e-02, 2.0525e-02, 1.7563e-02, 1.6945e-02,\n",
       "           3.3192e-02, 5.3165e-02, 1.0822e-01]],\n",
       "\n",
       "         [[9.6156e-01, 2.0614e-03, 4.7164e-03, 4.1607e-03, 1.1031e-02,\n",
       "           1.9124e-03, 1.8808e-03, 1.2673e-02],\n",
       "          [9.8357e-01, 1.8022e-03, 3.1316e-03, 6.5861e-03, 4.1765e-03,\n",
       "           9.7921e-05, 8.6984e-05, 5.4685e-04],\n",
       "          [9.7215e-01, 9.1557e-03, 1.0477e-03, 3.9595e-03, 8.0242e-03,\n",
       "           4.1154e-03, 3.1753e-04, 1.2346e-03],\n",
       "          [6.6933e-01, 2.4363e-02, 1.5446e-03, 4.0869e-03, 2.0910e-03,\n",
       "           1.1297e-01, 1.7191e-01, 1.3704e-02],\n",
       "          [9.7320e-01, 3.8691e-03, 1.8218e-03, 2.6691e-03, 2.0306e-03,\n",
       "           7.5613e-04, 4.5019e-03, 1.1150e-02],\n",
       "          [8.9767e-01, 4.1224e-04, 4.6698e-03, 1.2820e-02, 3.6719e-03,\n",
       "           2.8803e-03, 1.5081e-02, 6.2796e-02],\n",
       "          [9.4035e-01, 7.9833e-05, 1.0368e-04, 4.6674e-03, 6.0340e-03,\n",
       "           2.3037e-03, 8.7374e-03, 3.7728e-02],\n",
       "          [9.6539e-01, 2.7614e-04, 9.2496e-05, 2.5618e-04, 7.4371e-03,\n",
       "           5.9416e-03, 6.9985e-03, 1.3604e-02]],\n",
       "\n",
       "         [[9.3047e-01, 5.0938e-03, 3.0387e-03, 9.7398e-03, 1.9509e-03,\n",
       "           2.0322e-03, 2.1221e-02, 2.6457e-02],\n",
       "          [1.8115e-01, 5.2532e-02, 6.7077e-02, 1.1146e-01, 3.2788e-02,\n",
       "           2.3475e-02, 3.6994e-01, 1.6158e-01],\n",
       "          [2.5444e-01, 1.5211e-01, 5.6899e-02, 2.1394e-01, 2.2770e-02,\n",
       "           3.0510e-02, 1.5398e-01, 1.1536e-01],\n",
       "          [3.3805e-01, 6.4709e-02, 5.8685e-02, 1.3283e-01, 4.1505e-02,\n",
       "           3.8283e-02, 1.9781e-01, 1.2813e-01],\n",
       "          [3.2362e-01, 1.0305e-01, 4.5334e-02, 1.0478e-01, 2.8942e-02,\n",
       "           1.2943e-01, 1.9972e-01, 6.5128e-02],\n",
       "          [1.9511e-01, 1.1337e-01, 3.4570e-02, 2.1415e-01, 3.0427e-02,\n",
       "           3.7371e-03, 3.3060e-01, 7.8031e-02],\n",
       "          [2.7546e-01, 4.8787e-02, 6.6911e-02, 1.5105e-01, 1.1602e-02,\n",
       "           1.6480e-02, 3.1263e-01, 1.1708e-01],\n",
       "          [7.9803e-01, 1.2972e-02, 9.9678e-03, 4.4570e-02, 4.8752e-03,\n",
       "           4.4761e-03, 6.3980e-02, 6.1134e-02]],\n",
       "\n",
       "         [[4.6129e-01, 6.4841e-02, 5.6397e-02, 6.5498e-02, 5.8564e-02,\n",
       "           5.0134e-02, 4.1938e-02, 2.0134e-01],\n",
       "          [2.9245e-01, 3.1246e-02, 4.8521e-02, 7.7431e-02, 1.0107e-01,\n",
       "           3.8938e-02, 1.5707e-01, 2.5327e-01],\n",
       "          [2.7283e-01, 6.1390e-02, 1.2823e-02, 3.8065e-02, 1.0010e-01,\n",
       "           7.6602e-02, 1.4983e-01, 2.8836e-01],\n",
       "          [3.8691e-01, 5.6256e-02, 2.1937e-02, 3.3826e-02, 8.0445e-02,\n",
       "           9.3292e-02, 8.0513e-02, 2.4682e-01],\n",
       "          [6.3363e-01, 2.3054e-02, 4.4759e-02, 7.2430e-02, 4.6727e-03,\n",
       "           8.5597e-04, 6.5979e-02, 1.5462e-01],\n",
       "          [6.6892e-01, 2.5599e-02, 1.3929e-02, 8.5472e-02, 1.0697e-02,\n",
       "           1.1510e-03, 3.5066e-02, 1.5917e-01],\n",
       "          [2.3118e-01, 5.5547e-02, 4.9662e-02, 4.0290e-02, 1.0184e-01,\n",
       "           7.7141e-02, 5.7582e-02, 3.8675e-01],\n",
       "          [2.9934e-01, 9.1254e-02, 6.8035e-02, 8.9152e-02, 9.9443e-02,\n",
       "           8.5497e-02, 7.6448e-02, 1.9083e-01]],\n",
       "\n",
       "         [[3.7456e-01, 8.6797e-02, 5.3621e-02, 1.1021e-01, 6.1712e-02,\n",
       "           5.9473e-02, 4.7803e-02, 2.0582e-01],\n",
       "          [6.4766e-01, 1.0391e-02, 2.5321e-02, 5.4671e-02, 2.8349e-02,\n",
       "           3.1358e-02, 3.1888e-02, 1.7036e-01],\n",
       "          [5.0654e-01, 2.9935e-02, 1.3249e-02, 5.5465e-02, 5.7911e-02,\n",
       "           1.2556e-01, 1.1527e-01, 9.6070e-02],\n",
       "          [4.9428e-01, 5.6605e-02, 2.2273e-02, 5.7836e-02, 6.7341e-02,\n",
       "           5.0256e-02, 5.6939e-02, 1.9447e-01],\n",
       "          [6.9822e-01, 1.5334e-02, 6.8245e-03, 2.8642e-02, 4.8616e-04,\n",
       "           1.0653e-03, 1.3765e-02, 2.3566e-01],\n",
       "          [6.1597e-01, 1.6893e-02, 2.5044e-02, 9.5499e-02, 5.8663e-03,\n",
       "           3.5698e-04, 2.0312e-02, 2.2006e-01],\n",
       "          [6.9768e-01, 2.5374e-02, 4.7517e-02, 4.2232e-02, 2.3932e-02,\n",
       "           2.7500e-02, 8.8380e-03, 1.2693e-01],\n",
       "          [1.8460e-01, 1.2343e-01, 6.4673e-02, 1.1647e-01, 1.0930e-01,\n",
       "           1.1353e-01, 8.6139e-02, 2.0186e-01]],\n",
       "\n",
       "         [[7.6466e-01, 2.6021e-02, 3.1954e-02, 2.6184e-02, 9.6020e-03,\n",
       "           1.4384e-02, 2.9912e-02, 9.7282e-02],\n",
       "          [5.2795e-01, 1.0825e-02, 8.7450e-02, 7.1728e-02, 2.4618e-02,\n",
       "           4.5555e-02, 2.0428e-01, 2.7602e-02],\n",
